158 154 165 147 97 105 109 123 129 130 132 132 132 131 130 132 131 128 127 116 129 155 156 153 154 187 162 117 121 123 126 100 
157 159 164 143 95 104 108 122 128 129 131 130 130 127 128 131 129 127 127 120 116 156 160 156 153 155 207 124 121 126 91 48 
160 163 160 142 94 103 107 120 125 126 128 128 127 127 130 126 127 127 126 120 115 147 156 155 154 147 177 183 115 88 51 49 
164 139 161 144 90 101 108 120 125 127 131 129 142 159 175 179 156 124 123 116 112 143 150 150 146 141 144 209 112 47 52 47 
152 106 164 142 84 99 105 115 122 126 116 126 133 146 173 186 193 180 124 109 109 149 140 140 144 142 145 143 54 50 50 59 
109 105 163 140 86 99 104 116 122 113 117 122 135 142 169 184 201 207 204 102 103 150 135 94 145 143 143 59 51 49 67 130 
90 105 161 141 86 99 104 115 120 112 118 132 138 135 173 194 199 203 207 197 98 149 138 54 123 144 89 50 51 52 121 157 
91 103 161 141 82 97 104 122 122 111 123 130 132 167 180 188 194 199 202 208 158 147 137 67 174 212 60 52 51 97 152 158 
98 108 163 145 86 100 104 139 113 109 121 128 152 168 177 177 184 191 189 198 198 162 160 191 205 213 67 48 64 148 158 155 
98 109 166 149 86 98 101 147 130 108 123 140 146 158 168 171 171 178 184 179 179 193 199 200 191 186 48 50 122 157 158 156 
96 111 166 150 86 97 98 151 153 116 131 136 140 146 143 149 158 157 161 177 191 195 200 201 145 120 50 81 152 157 156 155 
100 116 168 151 84 98 98 147 159 121 129 129 133 119 84 107 84 73 164 192 193 197 165 123 135 61 50 123 160 158 155 153 
104 112 167 152 83 97 99 118 181 125 124 125 99 68 61 73 89 168 182 181 186 110 137 151 60 51 69 151 164 160 157 153 
104 106 166 154 82 97 101 107 173 118 123 87 65 65 61 77 146 176 173 188 198 103 120 54 56 48 103 156 163 161 159 154 
102 104 166 155 86 101 106 116 134 122 81 56 55 66 76 159 170 165 173 197 207 135 91 59 57 54 141 157 154 152 153 152 
101 103 167 156 86 101 104 126 106 101 73 55 53 64 144 172 141 125 161 188 184 121 73 77 55 84 151 158 159 152 149 141 
97 95 168 157 86 99 108 147 83 72 74 55 55 102 184 99 70 113 131 181 91 70 65 91 50 111 156 153 154 151 146 138 
96 88 169 162 93 108 114 82 80 79 89 47 60 165 134 143 142 157 130 184 138 84 62 99 54 140 153 151 149 140 159 183 
81 78 167 161 92 117 91 86 65 63 89 53 121 113 123 156 175 162 135 185 152 103 57 101 75 151 152 148 142 160 194 196 
76 69 164 160 96 104 88 99 65 60 96 74 132 60 121 146 162 149 129 178 148 85 56 107 101 155 151 146 142 191 202 206 
78 84 165 162 91 94 81 90 89 64 86 127 65 73 120 140 152 150 131 163 138 56 62 104 133 152 148 144 159 200 207 208 
67 90 167 164 94 93 69 83 98 98 144 78 55 72 118 136 137 137 150 159 101 54 68 100 148 150 147 141 169 207 209 211 
56 92 169 165 101 87 63 106 97 143 114 51 56 67 97 125 139 126 141 140 58 55 74 105 153 152 148 139 181 212 211 208 
48 99 165 163 88 70 57 106 115 118 57 55 52 57 66 97 133 151 162 101 54 61 80 111 150 151 147 133 191 213 209 188 
57 78 162 163 101 59 59 100 104 118 77 61 51 54 62 103 127 146 158 153 89 60 84 113 123 123 128 121 202 207 140 66 
129 78 159 163 93 59 73 75 83 121 100 61 53 57 68 114 134 141 163 187 202 138 69 115 143 133 115 115 206 154 80 91 
106 104 162 166 74 52 67 57 79 106 105 77 54 57 86 118 137 143 157 174 195 212 97 120 145 138 129 169 210 107 102 99 
85 109 161 166 69 48 69 52 60 104 114 80 62 72 101 124 138 139 151 167 190 208 159 131 142 136 139 211 178 100 100 96 
73 120 157 167 74 53 57 52 66 88 96 53 52 99 100 135 141 137 146 159 182 203 204 123 133 138 141 193 139 92 95 90 
77 138 152 166 73 51 56 53 58 102 73 44 64 105 105 137 142 138 141 153 171 197 212 122 87 70 149 185 82 90 93 75 
97 150 152 166 64 52 59 68 62 86 62 44 79 96 130 137 141 143 140 146 162 186 207 156 101 91 145 94 82 82 102 68 
64 177 152 162 53 60 70 75 76 70 69 74 114 125 130 135 140 144 146 148 158 176 198 185 96 118 115 99 85 98 86 64 
